45341
19685
15745
50723
25658
14266
15352
17296
13003
27556
13449
15258
33855
16289
14538
32560
11388
20270
20423
10758
23525
9646
16383
17334
17276
24937
12836
16809
13778
12974
36804
11469
11336
16294
10145
15486
13843
10402
39274
15779
34174
18836
11629
17305
75178
35650
12521
19476
11629
9462
26255
14579
19824
12410
38746
21145
25809
15978
20995
13106
32902
11608
11111
16000
24770
10762
23923
17194
14301
20429
20110
37224
12394
16197
14500
12805
33944
14187
17270
21127
13895
26435
14478
10983
13469
18795
36458
17606
11242
40617
10575
22925
18404
15696
16667
11455
12851
37579
21510
19807

number of concurrent requests: 1
------------------------------------------------------
79448
236521
250602
251397
251903
254101
255869
256664
258330
269154
26531
41564
104866
105349
120485
123445
124134
124768
125260
139244
22017
33744
79387
125547
125333
126406
126810
134459
168999
181158
55413
123808
225298
225141
226328
281946
285377
287907
288148
290075
24698
35310
69307
80170
82178
92123
104612
104914
105380
106720
60128
106225
106996
107416
108987
109874
141567
142702
150811
150879
56227
146577
191251
194590
196094
196853
196114
196116
197052
198592
28910
40033
84981
98054
98887
99798
100987
101819
104588
105973
26793
60581
72810
73916
74362
80512
79969
81156
82225
82894
63218
174730
222619
223427
223481
223734
226026
230818
231206
233369

number of concurrent requests: 10
------------------------------------------------------
104695
133432
146187
205921
1216682
1279771
1289180
1291145
1293524
1283335
1292478
1295565
1297648
1294326
1288809
1296078
1291208
1298637
1297258
1296977
1307350
1297924
1310061
1302190
1308777
1302268
1312491
1305937
1305321
1308696
1312681
1314270
1307324
1328766
1333542
1337487
1332243
1339933
1324541
1333464
1352749
1351215
1353103
1352886
1355568
1360772
1357704
1340321
1365948
1371327
1372547
1364745
1365484
1376108
1373855
1361606
1373331
1375215
1374808
1368218
1375434
1379544
1378776
1365793
1380705
1380955
1370166
1383539
1384484
1382143
1386405
1389333
1386288
1390895
1391870
1390457
1389624
1379564
1396252
1388677
1398930
1386920
1405697
1408320
1408023
1409155
1409715
1408341
1417740
1424314
1419644
1426447
1424707
1418203
1429438
1419730
1430484
1433045
1433748
1441756
76739
94290
111433
1284132
1285679
1319724
1320893
1326898
1318336
1330653
1320022
1328398
1319326
1330762
1324938
1323036
1336284
1326571
1333313
1339786
1339387
1351056
1323901
1338650
1348813
1351655
1343557
1357202
1352723
1356928
1354226
1344552
1348647
1349294
1357409
1363143
1358677
1357241
1359435
1348756
1362733
1363968
1355340
1363651
1356107
1355251
1357621
1368294
1371369
1377116
1363555
1351866
1374936
1366292
1378846
1377463
1360205
1375210
1379190
1392053
1391751
1394642
1407629
1381466
1407687
1406726
1399056
1401016
1413047
1415664
1393512
1404344
1407400
1406778
1417140
1409536
1395956
1424405
1422514
1422043
1423167
1426512
1431411
1419783
1427823
1412022
1430020
1423721
1411450
1417848
1439657
1438618
1431913
1433611
1448749
1435464
1435839
1442627
1442916
1443727

number of concurrent requests: 100
------------------------------------------------------
