24166
26713
25186
26737
24881
27793
26557
24994
29088
26629
27243
26702
25408
26763
25685
27078
28374
24850
25395
25086
23923
24962
25024
26653
26166
24909
25698
25265
26608
26340
32184
25248
25368
25145
26609
26825
27036
28642
25457
25825
24922
25223
25105
24922
25661
24738
26576
24788
24584
25058
25442
30595
25763
27504
27283
26174
26163
23829
25553
25283
24116
24627
25495
24924
23840
25821
25545
25396
25555
24399
25561
25973
27225
26231
26525
26629
25331
25073
26711
26364
26697
25584
24138
24420
25425
28336
27260
24850
26543
26004

number of threads: 1
--------------------------------------------------------
30611
33769
584567
624762
781116
892933
896745
957345
1264086
1267142
26490
32242
34879
34848
298110
450988
631357
726531
741849
770340
27259
34918
36180
36037
310518
714866
720836
778754
793837
852228
25593
32108
34765
34927
414409
441797
495028
593777
707346
733014
27293
34663
37347
37695
312610
519965
523280
560860
812240
1021297
24596
30501
33760
33458
313559
390070
482106
515412
548475
551706
28301
33575
36259
36563
322700
399249
416299
545324
757652
771177
422800
424960
424625
424920
689447
694000
834354
865349
871295
885077
23973
30615
33586
35678
314366
472272
474663
479328
551117
576299
27269
30997
33520
34358
318338
350073
427336
429870
434461
452726
28208
32769
35112
35682
289939
858497
866567
876582
888200
890695
27219
35812
35822
41006
244617
457039
605628
744578
758616
777151
28617
34284
36693
37759
583335
744202
749071
757777
883871
953358
27773
32822
35836
35809
466700
490327
612376
671246
677389
708781
27522
31687
34708
35252
487893
503924
509058
637622
668540
726457
27484
32242
34647
37620
355883
412236
598049
684419
687813
739330
25393
33263
36044
35750
580970
678062
705502
709913
713178
851639
25416
32477
34792
37346
402843
467296
478646
810688
817275
818952
28161
32894
35514
36119
339938
363603
494813
497800
498464
525287
28936
34190
34938
37104
247669
577034
757937
763167
806353
826623
24391
33474
36514
36604
388608
457257
465247
543470
1060347
1065261
41697
43324
43940
44322
396983
552668
555112
555133
584199
734424

number of threads: 10
--------------------------------------------------------
3315004
4258832
4294142
4317651
4318994
4320474
4544849
4671001
4824828
4827406
4822891
4892648
4892054
5090214
5133228
5117108
5308186
5653506
5650371
5826585
5863502
5982643
6161141
6175375
6209180
6214129
6306445
6452389
6513195
6542521
6561667
6573194
6722157
7034939
7714638
7716442
7717835
7734934
7733716
7719038
7728153
7727816
7734047
7752112
7736207
7735972
7736841
7753432
7737075
7745328
7811238
7956469
8154482
8534492
8638438
8626257
8642839
8628300
8659508
8869036
9214504
9231736
9217048
9237727
9234446
9234692
9253050
9253754
9818560
9844573
9841881
9843912
9845047
9846366
9830018
9849197
9847825
9832073
9849380
9849296
9859821
9938376
10110722
10272192
10255994
10689950
43127
257834
266282
264548
266970
669698
2019473
2093295
2093864
2122423
2192688
2413666
3014437
3023235
3044995
3045167
3047036
3048851
3025325
3050779
3026623
3051185
3025821
3027238
3028689
3028109
3134665
3563260
3796786
4303187
4306607
4312014
4308187
5032766
5736634
5738984
5763496
5766059
5770445
5782238
6064893
6068070
6065231
6067380
6070284
6067976
6047021
6070667
6069951
6073533
6069203
6069908
6105851
6102690
6104740
6903556
6942475
6945954
6946255
6924224
6923010
6925196
7215039
7261593
7266095
7245600
7247727
7438681
7876312
8216374
8205784
8208041
8208657
8231313
8210827
8246347
8553649
8836636
8865515
8866931
9099221
9106390
9080842
9580947
9561643
9741924
9874446
10527537
10553103
10559170
10768820
10882718
11019726
11252399
11278113
11391575
11424885
11429358
11428350
11417623
39302
72419
78915
80930
75178
1351771
1377477
1378591
1383213
2145713
2169004
2169126
2167562
3733450
3725098
3742911
3741825
3740871
3727893
3740530
3742341
3726446
3744525
3743445
3743387
3746775
4288363
4325554
4864265
5073762
5080355
5107411
5111471
5127531
5136159
5166321
5173397
5218441
5229449
5642522
5758126
5756040
5742172
5744307
5761913
5803836
5816348
5872853
5881864
6089375
6097544
6612184
6630482
6628654
6631739
6631785
6637762
6691606
7124931
7399216
7656505
7644354
7668420
7652470
7677462
7712311
7832096
7999009
8335837
8349458
8503662
8757499
9253208
9485073
9485231
9506815
9493591
9492173
9491917
9507322
9834981
9868714
10642798
10650843
10994023
11357975
11372869
11520680
11929344
11958636
11958891
11959935
11946507
11946825
11964089
12127925
12159181
12158375
12299221
12398482

number of threads: 100
--------------------------------------------------------
