1.781 0.411
1.110 0.197
1.729 0.288
2.310 0.280
1.274 0.188
1.793 0.280
1.669 0.219
2.223 0.576
2.388 0.487
1.504 0.261

1.887 0.275
1.430 0.265
2.538 0.263
1.364 0.172
1.179 0.158
2.083 0.316
2.508 0.294
1.672 0.213
1.645 0.211
1.387 0.141

Planning & Execution LOCAL
Offset 0
Limit 10
Has INDEX
------------------------------------------------------------------
1.537 0.263
1.620 0.291
3.099 0.476
1.523 0.319
1.980 0.321
1.376 0.266
2.329 0.497
2.106 0.332
1.402 0.254
1.114 0.221

Planning & Execution LOCAL
Offset 10
Limit 10
Has INDEX
------------------------------------------------------------------
1.539 0.767
1.398 0.562
1.850 1.195
1.539 0.784
1.870 0.814
3.218 1.079
3.754 1.394
3.763 1.654
1.751 0.787
2.002 1.035

Planning & Execution LOCAL
Offset 100
Limit 10
Has INDEX
------------------------------------------------------------------
2.535 9.657
1.576 4.267
2.846 7.744
1.903 7.710
1.853 4.466
1.859 6.921
2.334 6.057
2.096 6.806
2.136 8.413
1.537 4.945

Planning & Execution LOCAL
Offset 1000
Limit 10
Has INDEX
------------------------------------------------------------------
3.192 37.776
1.780 41.543
1.913 34.042
2.020 37.783
1.606 34.735
1.480 38.796
2.233 39.617
1.676 36.512
1.653 38.105
1.404 43.196

Planning & Execution LOCAL
Offset 10000
Limit 10
Has INDEX
------------------------------------------------------------------
